CpntManager: 2 3
RenderingCpnt: 1 0.333333 0 0 1 1 32 1
AnimatorCpnt: 1 0 0
TransformCpnt: 1 891 675 0 37.3 1
CollisionCpnt: 1 3 0 0 0 0 0 0 0
RenderingCpnt: 1 1 1 1 1 1 32 1
AnimatorCpnt: 1 0 0
TransformCpnt: 1 782 620 -0.841772 5.8 1
CollisionCpnt: 1 3 -17 -14 17 -14 0 15 1
RenderingCpnt: 1 1 1 1 1 1 32 1
AnimatorCpnt: 1 0 0
TransformCpnt: 1 967 529 0 1 1
CollisionCpnt: 1 3 -16 -14 16 -14 0 15 1
